,city,lat,lng,max_temp,humidity,cloudiness,wind_speed,country,date
0,Hilo,19.73,-155.09,77.0,57,40,6.93,US,1600281924
1,Nouadhibou,20.93,-17.03,80.6,74,0,13.87,MR,1600281926
2,Kutum,14.2,24.67,83.17,30,56,7.56,SD,1600281927
3,Atuona,-9.8,-139.03,78.3,73,0,21.09,PF,1600281928
4,Sitka,57.05,-135.33,53.6,71,20,2.57,US,1600281929
5,Hermanus,-34.42,19.23,54.0,92,20,9.82,ZA,1600281931
6,Saint-Pierre,-21.34,55.48,63.12,52,75,8.05,RE,1600281932
7,Punta Arenas,-53.15,-70.92,34.3,67,90,13.87,CL,1600281716
8,Salalah,17.02,54.09,84.2,79,75,3.36,OM,1600281935
9,Ancud,-41.87,-73.82,50.0,85,100,4.0,CL,1600281936
10,Rikitea,-23.12,-134.97,73.27,80,5,9.04,PF,1600281937
11,Carahue,-38.7,-73.17,55.4,71,75,8.05,CL,1600281938
12,Novo Aripuanã,-5.12,-60.38,99.73,28,77,1.1,BR,1600281940
13,Busselton,-33.65,115.33,49.33,58,0,12.68,AU,1600281941
14,Chui,-33.7,-53.46,61.27,77,58,10.04,UY,1600281942
15,Huntingdon,52.33,-0.19,61.72,81,100,8.01,GB,1600281944
16,Palamós,41.85,3.13,73.71,48,61,6.51,ES,1600281945
17,Tungor,53.38,142.96,49.68,86,98,4.47,RU,1600281946
18,Avera,33.19,-82.53,69.89,94,90,3.36,US,1600281949
19,Vao,-22.67,167.48,68.79,78,100,24.79,NC,1600281950
20,La Ronge,55.1,-105.28,42.8,45,40,9.17,CA,1600281951
21,Mar del Plata,-38.0,-57.56,50.0,81,75,17.22,AR,1600281772
22,Bulgan,48.81,103.53,42.26,80,0,1.34,MN,1600281956
23,Albany,42.6,-73.97,70.12,47,0,9.69,US,1600281828
24,Roald,62.58,6.13,45.34,65,40,8.05,NO,1600281959
25,Hobyo,5.35,48.53,77.59,84,0,26.08,SO,1600281960
26,Mareeba,-17.0,145.43,70.45,88,75,11.41,AU,1600281961
27,Hithadhoo,-0.6,73.08,82.53,76,1,12.91,MV,1600281964
28,Port Keats,-14.25,129.55,76.3,80,99,4.23,AU,1600281965
29,Sibu,2.3,111.82,71.24,94,40,5.82,MY,1600281967
30,Bambous Virieux,-20.34,57.76,68.95,77,75,6.93,MU,1600281968
31,Guerrero Negro,27.98,-114.06,86.23,40,0,10.65,MX,1600281856
32,Aiken,33.58,-81.6,73.78,73,90,13.87,US,1600281839
33,Husavik,66.04,-17.34,51.8,62,90,16.11,IS,1600281973
34,Manokwari,-0.87,134.08,79.07,74,19,3.51,ID,1600281974
35,Carnarvon,-24.87,113.63,66.2,77,0,14.99,AU,1600281816
36,Jasper,37.2,-94.35,84.25,51,1,5.82,US,1600281977
37,Paamiut,61.99,-49.67,39.9,90,100,23.09,GL,1600281978
38,Nome,64.5,-165.41,47.79,93,90,19.46,US,1600281760
39,Isangel,-19.55,169.27,71.6,88,40,11.41,VU,1600281981
40,Barrow,71.29,-156.79,37.4,93,90,10.29,US,1600281982
41,Bakchar,57.02,82.07,46.24,87,0,5.64,RU,1600281983
42,Ust-Kuyga,70.02,135.6,38.32,85,75,2.82,RU,1600281984
43,Ponta do Sol,32.67,-17.1,69.78,64,75,8.05,PT,1600281986
44,Yanam,16.73,82.22,78.62,89,0,1.88,IN,1600281987
45,Puri,19.8,85.85,82.4,94,20,3.36,IN,1600281988
46,Yellowknife,62.46,-114.35,42.48,52,20,3.36,CA,1600281749
47,Tuktoyaktuk,69.45,-133.04,37.4,78,75,12.75,CA,1600281991
48,Ushuaia,-54.8,-68.3,42.8,45,75,10.29,AR,1600281992
49,Iqaluit,63.75,-68.51,37.2,59,75,5.82,CA,1600281980
50,Flinders,-34.58,150.86,60.48,81,0,4.56,AU,1600281995
51,Bluff,-46.6,168.33,48.99,87,100,8.01,NZ,1600281996
52,Cherskiy,68.75,161.3,40.39,90,100,11.95,RU,1600281997
53,Nioro,13.35,-15.75,79.93,87,35,8.08,GM,1600281999
54,Vilhena,-12.74,-60.15,93.2,23,0,8.05,BR,1600282000
55,Mataura,-46.19,168.86,48.99,87,100,8.01,NZ,1600282001
56,Boa Vista,2.82,-60.67,87.8,58,75,2.24,BR,1600282003
57,Esperance,-33.87,121.9,50.0,100,75,19.46,AU,1600282004
58,Cape Town,-33.93,18.42,56.17,87,75,6.93,ZA,1600282005
59,Jinka,5.65,36.65,71.22,60,72,1.68,ET,1600282006
60,Los Llanos de Aridane,28.66,-17.92,75.79,88,100,9.17,ES,1600282008
61,Bredasdorp,-34.53,20.04,53.6,87,23,8.05,ZA,1600282009
62,Kostomuksha,64.57,30.58,43.7,94,100,16.78,RU,1600282010
63,Departamento de Maldonado,-34.67,-54.92,57.4,82,20,13.87,UY,1600282012
64,Hobart,-42.88,147.33,43.21,75,75,14.99,AU,1600282013
65,Lüderitz,-26.65,15.16,58.24,62,0,22.93,NA,1600282014
66,Grand Gaube,-20.01,57.66,70.0,67,83,5.01,MU,1600282016
67,Bubaque,11.28,-15.83,80.55,84,68,10.58,GW,1600282017
68,Arraial do Cabo,-22.97,-42.03,79.32,78,0,13.87,BR,1600282021
69,Cidreira,-30.18,-50.21,65.23,94,100,10.0,BR,1600282022
70,Tierralta,8.17,-76.06,87.76,66,44,4.16,CO,1600282023
71,Chuncheng,22.17,111.79,77.27,91,32,2.28,CN,1600282025
72,George Town,5.41,100.34,80.29,88,20,3.36,MY,1600282026
73,Nishihara,26.18,127.76,81.41,88,20,5.82,JP,1600282028
74,Peruíbe,-24.32,-47.0,74.57,77,58,6.93,BR,1600282030
75,Pueblo Nuevo,23.38,-105.38,74.14,66,94,5.93,MX,1600282031
76,Honningsvåg,70.98,25.97,44.6,87,75,10.29,NO,1600282032
77,Lábrea,-7.26,-64.8,103.6,20,62,2.35,BR,1600282033
78,Ratnagiri,16.98,73.3,79.59,85,100,7.25,IN,1600281877
79,Lebu,-37.62,-73.65,55.26,71,66,5.93,CL,1600282036
80,Erenhot,43.65,111.98,52.92,50,0,8.75,CN,1600282037
81,New Norfolk,-42.78,147.06,41.7,76,100,1.01,AU,1600282039
82,Omboué,-1.57,9.26,75.72,84,100,10.36,GA,1600282040
83,Verkhnevilyuysk,63.45,120.32,41.72,94,9,2.04,RU,1600282041
84,Bathsheba,13.22,-59.52,89.6,59,40,16.11,BB,1600282042
85,Westport,41.14,-73.36,71.1,53,40,14.99,US,1600281751
86,Castro,-24.79,-50.01,79.61,42,19,8.88,BR,1600281817
87,Puerto Escondido,15.85,-97.07,86.0,62,90,6.93,MX,1600281815
88,Jamestown,42.1,-79.24,68.85,59,1,13.87,US,1600282047
89,Tigil',57.8,158.67,42.75,79,100,1.88,RU,1600282049
90,Nara,34.69,135.8,74.68,87,32,2.91,JP,1600282050
91,Itarema,-2.92,-39.92,83.41,63,0,20.18,BR,1600282051
92,Ayr,55.46,-4.63,56.26,76,40,8.05,GB,1600282053
93,Mossamedes,-15.2,12.15,62.82,76,0,7.76,AO,1600282054
94,San Quintín,30.48,-115.95,90.5,24,0,15.26,MX,1600282055
95,Hong Kong,22.29,114.16,82.85,87,64,17.0,HK,1600281879
96,Saint-Philippe,-21.36,55.77,63.81,52,75,8.05,RE,1600282059
97,Peniche,39.36,-9.38,71.6,79,1,10.0,PT,1600282061
98,Saint Paul Harbor,57.79,-152.41,51.51,84,100,1.21,US,1600282063
99,Bukama,-9.2,25.85,77.49,60,45,1.39,CD,1600282064
100,Puerto Ayora,-0.74,-90.35,71.91,64,20,16.11,EC,1600282065
101,Broken Hill,-31.95,141.43,59.0,28,99,4.7,AU,1600282067
102,Lompoc,34.64,-120.46,64.87,72,1,9.55,US,1600282057
103,Mt. Pleasant,32.79,-79.86,76.57,100,75,3.36,US,1600281833
104,Tasiilaq,65.61,-37.64,39.2,86,75,8.05,GL,1600282072
105,Pecos,31.42,-103.49,82.4,42,1,4.7,US,1600282056
106,Provideniya,64.38,-173.3,45.21,86,100,2.44,RU,1600282074
107,Kapaa,22.08,-159.32,79.32,69,40,9.17,US,1600281890
108,Roncesvalles,4.01,-75.6,79.43,65,75,4.7,CO,1600282078
109,Mehamn,71.04,27.85,44.6,87,75,2.24,NO,1600282079
110,Aksu,41.12,80.26,68.25,29,0,3.76,CN,1600282080
111,Tiksi,71.69,128.87,43.2,73,100,7.16,RU,1600282082
112,Khatanga,71.97,102.5,46.74,86,59,4.38,RU,1600282083
113,Kozachi Laheri,46.7,32.98,69.4,52,0,6.71,UA,1600282084
114,Muros,42.78,-9.06,71.87,79,40,1.01,ES,1600282086
115,Chuāri Khās,32.43,76.02,72.57,45,0,6.89,IN,1600282088
116,Xalapa,19.53,-96.92,70.25,90,100,2.51,MX,1600281902
117,Aranos,-24.13,19.12,60.89,26,0,10.13,NA,1600282093
118,Bac Lieu,9.29,105.72,79.34,85,100,10.0,VN,1600282094
119,Maromitsa,59.87,48.01,39.52,96,0,7.18,RU,1600282096
120,San Patricio,19.22,-104.7,89.6,75,75,11.41,MX,1600282097
121,Halifax,44.65,-63.57,63.1,48,75,17.22,CA,1600282008
122,Cabo San Lucas,22.89,-109.91,92.07,52,5,4.7,MX,1600282049
123,Morehead,37.27,-87.18,82.42,54,1,4.7,US,1600282102
124,Vila Franca do Campo,37.72,-25.43,66.2,77,20,11.41,PT,1600282103
125,Ribeira Grande,38.52,-28.7,69.8,56,20,9.17,PT,1600282104
126,Dingzhou,38.51,115.0,60.8,67,0,4.47,CN,1600282106
127,Nikolskoye,59.7,30.79,60.24,82,90,8.95,RU,1600282108
128,Vaini,-21.2,-175.2,69.8,73,75,13.87,TO,1600282109
129,Portland,45.52,-122.68,61.56,72,90,4.7,US,1600281839
130,Margate,51.38,1.39,64.99,87,22,3.0,GB,1600282112
131,Barreirinha,-2.79,-57.07,94.26,38,95,4.59,BR,1600282113
132,Gairo,39.85,9.5,77.0,73,40,3.36,IT,1600282115
133,Upernavik,72.79,-56.15,31.39,89,100,9.64,GL,1600282116
134,Katangli,51.71,143.23,54.9,91,90,8.14,RU,1600282117
135,Rāzole,16.48,81.83,79.25,90,1,3.22,IN,1600282118
136,Oktyabr'skiy,54.48,53.47,49.95,74,100,16.75,RU,1600282120
137,Wagar,16.15,36.2,89.73,36,100,19.37,SD,1600282121
138,Mahébourg,-20.41,57.7,68.0,77,75,6.93,MU,1600282122
139,Santa Lucía,27.91,-15.54,80.89,74,100,13.87,ES,1600282124
140,Bethel,41.37,-73.41,69.82,52,1,8.05,US,1600282125
141,Vanavara,60.34,102.28,42.87,81,0,4.0,RU,1600282126
142,Ambilobe,-13.2,49.05,69.78,69,6,5.32,MG,1600282128
143,Kloulklubed,7.04,134.26,83.62,71,99,5.64,PW,1600282020
144,Prince Rupert,54.32,-130.32,60.8,77,75,4.7,CA,1600281902
145,Geraldton,-28.77,114.6,50.0,81,0,8.05,AU,1600282133
146,Rawson,-43.3,-65.1,64.13,32,100,29.84,AR,1600281881
147,Hurghada,27.26,33.81,87.33,50,0,14.23,EG,1600282136
148,Isiro,2.77,27.62,69.46,96,97,2.1,CD,1600282138
149,Chatham,51.38,0.53,63.39,81,0,10.0,GB,1600282139
150,Faya,18.39,42.45,71.6,68,81,2.77,SA,1600282140
151,Port-Gentil,-0.72,8.78,77.0,83,75,15.86,GA,1600282141
152,Road Town,18.42,-64.62,88.61,70,40,6.93,VG,1600282143
153,Aklavik,68.22,-135.01,41.0,91,90,9.17,CA,1600282144
154,Norman Wells,65.28,-126.83,42.8,70,90,13.87,CA,1600282147
155,Kavaratti,10.57,72.64,81.79,80,100,15.9,IN,1600282148
156,Qaqortoq,60.72,-46.03,46.4,75,75,13.29,GL,1600282149
157,Sangar,63.92,127.47,39.29,80,5,1.63,RU,1600282150
158,Atar,20.52,-13.05,105.08,12,48,6.91,MR,1600282152
159,Fortuna,40.6,-124.16,78.37,61,75,3.36,US,1600282153
160,Haines Junction,60.75,-137.51,52.47,42,6,0.92,CA,1600282154
161,Pangnirtung,66.15,-65.71,39.2,60,20,8.05,CA,1600282156
162,Murgab,37.5,61.97,73.4,40,0,6.93,TM,1600282157
163,Codrington,-38.27,141.97,51.62,92,100,7.49,AU,1600282158
164,Acapulco de Juárez,16.86,-99.89,86.0,74,90,4.7,MX,1600282011
165,Torbay,47.67,-52.73,59.14,51,20,11.41,CA,1600282161
166,Pervomayskoye,43.92,46.71,65.14,43,0,8.08,RU,1600282162
167,Port Alfred,-33.59,26.89,61.12,63,0,19.06,ZA,1600282163
168,Chokurdakh,70.63,147.92,36.0,93,100,3.96,RU,1600282165
169,Ahipara,-35.17,173.17,52.93,89,20,3.96,NZ,1600282166
170,Olinda,-8.01,-34.86,80.6,69,75,19.46,BR,1600282167
171,Alyangula,-13.85,136.42,69.8,100,88,9.64,AU,1600282168
172,Maragogi,-9.01,-35.22,76.23,75,6,13.02,BR,1600282171
173,Bida,9.08,6.02,75.78,89,78,6.87,NG,1600282172
174,Tautira,-17.73,-149.15,80.29,69,40,2.24,PF,1600282174
175,Saint George,37.1,-113.58,86.85,15,1,2.24,US,1600282006
176,Qaanaaq,77.48,-69.36,21.4,81,0,3.27,GL,1600282176
177,Koratagere,13.52,77.23,71.6,100,75,10.29,IN,1600282177
178,São Francisco de Paula,-29.45,-50.58,61.0,91,100,5.01,BR,1600282179
179,Téra,14.01,0.75,91.85,42,100,7.96,NE,1600282180
180,Viedma,-40.81,-63.0,62.01,43,0,5.99,AR,1600282181
181,Quesnel,53.0,-122.5,48.2,93,90,2.33,CA,1600282183
182,Port Elizabeth,-33.92,25.57,59.0,77,0,23.04,ZA,1600282184
183,Avarua,-21.21,-159.78,75.2,73,4,4.7,CK,1600282185
184,Tibati,6.47,12.63,68.92,93,100,2.19,CM,1600282187
185,Kununurra,-15.77,128.73,73.4,78,40,3.69,AU,1600282188
186,Nanchang,28.68,115.88,72.43,95,100,5.95,CN,1600282189
187,Leningradskiy,69.38,178.42,37.17,93,100,13.67,RU,1600282192
188,Pevek,69.7,170.31,36.91,89,57,11.68,RU,1600282193
189,Port Blair,11.67,92.75,82.4,81,78,13.24,IN,1600282194
190,Severo-Kuril'sk,50.68,156.12,53.98,87,100,6.42,RU,1600282196
191,Sur,22.57,59.53,81.1,69,15,10.09,OM,1600282197
192,Anadyr,64.75,177.48,39.2,93,40,6.71,RU,1600282198
193,Sola,-13.88,167.55,79.66,78,68,26.06,VU,1600282200
194,Philadelphia,39.95,-75.16,72.59,53,75,8.05,US,1600281913
195,Standerton,-26.93,29.24,61.0,55,99,8.32,ZA,1600282203
196,Thompson,55.74,-97.86,37.4,51,75,18.34,CA,1600282205
197,Riyadh,24.69,46.72,89.6,24,0,5.3,SA,1600281973
198,Ankazoabo,-22.28,44.52,74.84,30,7,6.33,MG,1600282207
199,Kruisfontein,-34.0,24.73,60.01,71,5,10.0,ZA,1600282209
200,Coahuayana Viejo,18.73,-103.68,77.0,83,90,6.93,MX,1600282210
201,Kiunga,-6.12,141.29,74.3,98,100,3.51,PG,1600282211
202,Balkanabat,39.51,54.37,70.72,38,0,9.15,TM,1600282212
203,Banes,20.96,-75.72,93.2,44,75,6.93,CU,1600282214
204,Walvis Bay,-22.96,14.51,56.64,67,0,9.17,NA,1600282215
205,Sittwe,20.15,92.9,82.71,83,100,5.37,MM,1600282216
206,Houma,29.6,-90.72,84.06,74,90,11.41,US,1600282218
207,Putina,-15.47,-69.43,49.1,51,100,5.3,PE,1600282219
208,Cartagena del Chairá,1.33,-74.84,91.69,45,100,2.66,CO,1600282220
209,Avilés,43.55,-5.92,69.62,88,75,6.93,ES,1600282222
210,Kaitangata,-46.28,169.85,51.01,72,100,1.99,NZ,1600282223
211,Lagoa,39.05,-27.98,66.15,71,100,18.45,PT,1600282225
212,Caravelas,-17.71,-39.25,76.3,65,0,8.46,BR,1600282226
213,Henties Bay,-22.12,14.28,55.99,83,0,7.31,NA,1600282227
214,Longyearbyen,78.22,15.64,35.6,69,75,11.41,SJ,1600282229
215,São Filipe,14.9,-24.5,82.15,78,0,5.35,CV,1600282230
216,Yangi Marg`ilon,40.43,71.72,66.2,45,0,6.93,UZ,1600282231
217,Glenwood Springs,39.55,-107.32,66.6,22,1,0.43,US,1600282233
218,Al Bardīyah,31.76,25.09,78.57,75,0,10.38,LY,1600282234
219,Ugoofaaru,5.67,73.0,82.0,75,2,7.05,MV,1600282235
220,Inhambane,-23.86,35.38,75.09,88,20,13.87,MZ,1600282237
221,Oddur,4.12,43.89,78.17,61,0,20.02,SO,1600282238
222,Ayan,56.45,138.17,52.05,65,59,8.32,RU,1600282239
223,Saskylakh,71.92,114.08,45.37,85,89,5.53,RU,1600282241
224,Mwinilunga,-11.74,24.43,69.04,58,60,4.52,ZM,1600282242
225,Bilma,18.69,12.92,97.95,19,82,5.99,NE,1600282243
226,Oistins,13.07,-59.53,89.6,59,40,16.11,BB,1600281995
227,Banjarmasin,-3.32,114.59,75.2,100,90,2.24,ID,1600282246
228,Koslan,63.46,48.9,38.48,89,49,5.32,RU,1600282247
229,Sayyan,15.17,44.32,67.78,25,0,9.98,YE,1600282248
230,Yerbogachën,61.28,108.01,42.62,78,0,1.23,RU,1600282250
231,Zhangjiakou,40.81,114.88,51.31,53,0,9.42,CN,1600282251
232,Tual,-5.67,132.75,79.23,85,100,15.43,ID,1600282252
233,Camacha,33.08,-16.33,71.6,60,40,13.87,PT,1600282255
234,Armizonskoye,55.95,67.67,45.41,98,98,4.03,RU,1600282256
235,Poum,-20.23,164.02,71.62,76,23,11.54,NC,1600282258
236,Calatayud,41.35,-1.64,74.53,73,95,3.36,ES,1600282259
237,Chapais,49.78,-74.85,48.2,93,90,10.29,CA,1600282260
238,Sørland,67.67,12.69,46.4,65,75,16.11,NO,1600282261
239,Saint-Joseph,-21.37,55.62,61.77,52,75,8.05,RE,1600282263
240,Airai,-8.93,125.41,56.32,74,97,1.97,TL,1600282264
241,Butaritari,3.07,172.79,82.99,70,2,19.62,KI,1600282265
242,Clyde River,70.47,-68.59,39.2,64,75,12.75,CA,1600282267
243,Ejido,8.55,-71.24,75.45,62,86,4.45,VE,1600282268
244,Mangalam,9.77,78.67,82.4,65,20,4.7,IN,1600282269
245,Dikson,73.51,80.55,41.9,97,68,4.63,RU,1600282271
246,Saint-Ambroise,48.55,-71.33,56.98,82,90,13.87,CA,1600282272
247,Ambanja,-13.68,48.45,72.37,85,27,3.47,MG,1600282273
248,Hunterville,-39.93,175.57,51.01,79,18,3.0,NZ,1600282276
249,Smithers,54.78,-127.17,48.2,87,20,3.36,CA,1600282277
250,Alice Springs,-23.7,133.88,78.8,19,90,12.75,AU,1600282131
251,Bria,6.54,21.99,72.61,87,2,1.16,CF,1600282282
252,Yar-Sale,66.83,70.83,47.52,82,100,10.2,RU,1600282283
253,Meulaboh,4.14,96.13,76.77,88,51,3.69,ID,1600282285
254,Mount Isa,-20.73,139.5,57.2,43,0,4.7,AU,1600282286
255,Antofagasta,-23.65,-70.4,60.8,63,20,10.29,CL,1600282287
256,Pimpri,18.62,73.8,73.36,91,100,5.95,IN,1600282289
257,Zhenlai,45.85,123.3,55.02,85,100,10.85,CN,1600282290
258,Comodoro Rivadavia,-45.87,-67.5,59.0,24,100,28.86,AR,1600282292
259,Alofi,-19.06,-169.92,71.6,78,78,14.99,NU,1600282293
260,Mormugao,15.4,73.8,78.8,100,75,4.7,IN,1600282294
261,Dudinka,69.41,86.18,51.8,66,1,11.18,RU,1600282295
262,Zhuhai,22.28,113.57,83.8,83,20,12.75,CN,1600282297
263,Faanui,-16.48,-151.75,78.28,79,0,17.81,PF,1600282299
264,Giohar,2.78,45.5,77.34,72,73,16.4,SO,1600282301
265,Kahului,20.89,-156.47,78.42,54,20,13.87,US,1600282120
266,Port Hedland,-20.32,118.57,73.4,88,0,8.05,AU,1600282303
267,Ruza,55.7,36.2,50.0,76,50,6.71,RU,1600282305
268,Port Lincoln,-34.73,135.87,56.8,97,100,7.14,AU,1600282306
269,Totness,5.88,-56.32,88.3,60,90,5.48,SR,1600282307
270,Pandan,14.05,124.17,80.02,86,100,11.18,PH,1600282309
271,Karratha,-20.74,116.85,74.71,52,0,7.47,AU,1600282310
272,Abnūb,27.27,31.15,85.44,23,0,9.57,EG,1600282311
273,Løding,67.3,14.75,46.98,61,75,16.11,NO,1600282313
274,San Vicente,-26.62,-54.13,73.11,74,100,3.83,AR,1600282314
275,Thessalon,46.25,-83.57,60.8,67,90,9.17,CA,1600282315
276,Touros,-5.2,-35.46,82.4,69,75,16.11,BR,1600282316
277,Bahua,25.85,80.63,87.06,65,11,4.97,IN,1600282318
278,Ponoka,52.68,-113.58,56.23,66,40,11.41,CA,1600282319
279,Novobirilyussy,56.95,90.67,53.37,89,99,3.74,RU,1600282320
280,San Lorenzo,-25.33,-57.53,75.2,69,90,5.82,PY,1600282322
281,Develi,38.39,35.49,69.8,37,0,1.12,TR,1600282323
282,Mersing,2.43,103.84,75.2,94,99,4.7,MY,1600282324
283,Batemans Bay,-35.72,150.18,51.85,79,97,5.55,AU,1600282326
284,Shimoda,34.67,138.95,66.0,96,91,3.0,JP,1600282327
285,Virginia Beach,36.85,-75.98,76.44,74,83,1.01,US,1600281976
286,East London,-33.02,27.91,57.2,76,0,12.75,ZA,1600282329
287,Kaeo,-35.1,173.78,45.0,3,7,1.99,NZ,1600282204
288,Flin Flon,54.77,-101.86,41.0,41,40,9.17,CA,1600282332
289,Den Helder,52.96,4.76,58.48,82,20,11.41,NL,1600282334
290,Asău,46.43,26.4,66.54,56,0,2.24,RO,1600282335
291,Catherinas Lust,6.4,-57.6,85.82,66,98,8.43,GY,1600282336
292,Souillac,-20.52,57.52,68.0,77,75,6.93,MU,1600282337
293,Hannibal,39.71,-91.36,79.93,26,1,4.79,US,1600282340
294,Yumen,40.28,97.2,50.94,39,0,4.61,CN,1600282341
295,Duekoué,6.75,-7.35,73.62,95,15,4.29,CI,1600282343
296,Nago,26.59,127.98,80.98,88,1,6.93,JP,1600282344
297,Vostok,46.49,135.88,54.77,100,100,2.73,RU,1600282345
298,São João da Barra,-21.64,-41.05,82.4,58,0,18.34,BR,1600282347
299,Kapit,2.02,112.93,73.94,88,100,1.52,MY,1600282348
300,Khovd,48.01,91.64,51.01,44,0,1.79,MN,1600282349
301,Turukhansk,65.82,87.98,52.93,70,0,16.22,RU,1600282350
302,Fort Nelson,58.81,-122.7,41.0,86,75,3.36,CA,1600282352
303,Trairi,-3.28,-39.27,82.96,64,0,16.42,BR,1600282353
304,Mandurah,-32.55,115.7,55.0,73,0,1.01,AU,1600282354
305,Sorso,40.8,8.58,75.2,78,0,2.24,IT,1600282356
306,Cayenne,4.93,-52.33,78.8,94,100,3.36,GF,1600282357
307,Poim,53.03,43.19,47.55,78,5,5.26,RU,1600282358
308,Vanimo,-2.67,141.3,78.15,83,100,5.08,PG,1600282359
309,Pacific Grove,36.62,-121.92,69.8,68,1,4.7,US,1600282361
310,Usinsk,65.99,57.53,44.67,78,100,13.15,RU,1600282362
311,Moses Lake,47.13,-119.28,71.6,40,90,6.93,US,1600282120
312,Petrozavodsk,61.78,34.35,48.2,93,100,8.95,RU,1600282365
313,Vardø,70.37,31.11,44.6,81,40,2.24,NO,1600282366
314,Deming,32.27,-107.76,82.4,26,1,4.7,US,1600282368
315,Saldanha,-33.01,17.94,59.0,82,99,6.93,ZA,1600282370
316,Dunedin,-45.87,170.5,55.0,58,100,7.0,NZ,1600282371
317,Griffith,41.53,-87.42,79.14,50,1,9.17,US,1600282323
318,Inta,66.03,60.17,46.08,90,100,12.24,RU,1600282373
319,Port Moresby,-9.44,147.18,75.2,100,20,3.36,PG,1600282375
320,Bengkulu,-3.8,102.27,73.87,89,19,4.76,ID,1600282376
321,Belmonte,-15.86,-38.88,78.8,61,40,9.17,BR,1600282327
322,Alamosa,37.47,-105.87,69.8,20,1,13.98,US,1600282379
323,Genhe,50.78,121.52,48.11,91,100,11.1,CN,1600282381
324,Manohar Thāna,24.24,76.8,80.33,67,68,4.12,IN,1600282382
325,Prince George,53.92,-122.75,48.2,100,40,2.24,CA,1600282384
326,Hirado,33.36,129.55,74.41,83,78,12.44,JP,1600282385
327,Kabala,9.58,-11.55,74.3,94,0,3.29,SL,1600282386
328,Sabang,5.89,95.32,83.14,73,4,19.17,ID,1600282388
329,Nanortalik,60.14,-45.24,41.27,93,100,20.11,GL,1600282389
330,Sémbé,1.65,14.58,72.5,94,13,1.12,CG,1600282390
331,Muroto-misakicho,33.28,134.15,76.28,85,100,4.16,JP,1600282392
332,Kemijärvi,66.71,27.43,43.41,91,100,11.88,FI,1600282393
333,Komarikhinskiy,58.1,57.12,51.8,93,90,11.18,RU,1600282394
334,Raja,8.46,25.68,73.04,81,100,1.36,SS,1600282396
335,Sampit,-2.53,112.95,73.06,95,78,0.96,ID,1600282397
336,Bonavista,48.65,-53.11,57.31,55,0,3.06,CA,1600282398
337,Ranong,9.97,98.63,79.54,83,100,11.86,TH,1600282401
338,Impfondo,1.64,18.07,73.11,92,0,2.33,CG,1600282402
339,Hambantota,6.12,81.12,78.8,100,82,10.29,LK,1600282403
340,Gushikawa,26.35,127.87,80.92,88,1,6.93,JP,1600282405
341,Ariquemes,-9.91,-63.04,108.12,13,60,1.66,BR,1600282406
342,Hualmay,-11.1,-77.61,67.35,64,6,11.48,PE,1600282407
343,Davila,18.47,120.58,80.6,94,20,3.36,PH,1600282409
344,Eureka,40.8,-124.16,77.02,72,61,4.0,US,1600282373
345,Lake City,30.19,-82.64,86.59,66,75,11.41,US,1600282411
346,Marquette,46.53,-87.63,59.63,71,79,7.0,US,1600282167
347,Malé,4.17,73.51,80.6,88,75,5.82,MV,1600282414
348,Marsh Harbour,26.54,-77.06,84.72,65,100,11.18,BS,1600282367
349,Cascais,38.7,-9.42,68.85,88,20,5.82,PT,1600282416
350,Honiara,-9.43,159.95,77.0,94,75,4.7,SB,1600282418
351,Eidsvåg,62.78,8.07,48.2,61,75,10.29,NO,1600282419
352,Argostoli,38.18,20.49,82.4,69,75,5.82,GR,1600282420
353,Coos Bay,43.37,-124.22,72.81,83,90,13.87,US,1600282422
354,Laas,46.62,10.7,62.44,72,20,3.36,IT,1600282423
355,Yuncheng,35.02,110.99,67.03,29,100,3.74,CN,1600282424
356,Kopervik,59.28,5.31,54.23,62,0,19.46,NO,1600282395
357,Rocha,-34.48,-54.33,59.32,75,27,8.97,UY,1600282427
358,Loveland,40.4,-105.08,71.6,35,1,10.29,US,1600282397
359,Kattivākkam,13.22,80.32,82.4,88,75,9.17,IN,1600282429
360,Humberto de Campos,-2.6,-43.46,89.56,47,18,11.18,BR,1600282431
361,Fare,-16.7,-151.02,79.09,79,0,17.56,PF,1600282432
362,São Félix do Xingu,-6.64,-51.99,104.56,13,0,3.89,BR,1600282433
363,Korla,41.76,86.15,68.68,24,0,10.27,CN,1600282435
364,Weihai,37.5,122.11,67.19,53,100,10.11,CN,1600282436
365,Makungu,-8.73,35.28,66.27,57,6,5.88,TZ,1600282437
366,Cockburn Town,21.46,-71.14,87.8,66,40,11.41,TC,1600282439
367,Khudumelapye,-23.88,24.75,71.13,20,33,10.69,BW,1600282440
368,Mammaste,58.07,27.05,67.48,77,100,8.05,EE,1600282441
369,Kieta,-6.22,155.63,79.18,83,100,8.34,PG,1600282442
370,Okha,53.57,142.95,50.29,80,95,5.3,RU,1600282444
371,Nampula,-15.12,39.27,78.42,50,0,13.87,MZ,1600282445
372,Rosário do Sul,-30.26,-54.91,61.9,91,100,2.98,BR,1600282446
373,Warri,5.52,5.75,75.2,90,100,5.41,NG,1600282448
374,Opuwo,-18.06,13.84,60.91,29,0,5.08,NA,1600282449
375,Tolaga Bay,-38.37,178.3,48.69,60,0,4.52,NZ,1600282450
376,Máncora,-4.11,-81.05,75.2,69,4,14.99,PE,1600282451
377,Marigot,18.07,-63.08,88.02,66,40,12.75,MF,1600282453
378,Dawei,14.08,98.2,77.5,88,86,0.76,MM,1600282454
379,Hasaki,35.73,140.83,70.57,94,75,3.36,JP,1600282455
380,São Raimundo Nonato,-9.02,-42.7,93.43,28,28,7.74,BR,1600282457
381,Buala,-8.14,159.59,81.01,82,100,12.95,SB,1600282458
382,A Coruña,43.37,-8.4,68.14,77,100,2.24,ES,1600282459
383,Lavrentiya,65.58,-171.0,43.0,96,100,5.37,RU,1600282461
384,Taoudenni,22.68,-3.98,101.37,11,0,12.88,ML,1600282462
385,Urusha,54.05,122.9,43.72,86,100,5.53,RU,1600282463
386,Kostyantynivka,48.53,37.71,61.74,58,22,6.93,UA,1600282464
387,Dingle,11.0,122.67,76.03,93,100,9.8,PH,1600282466
388,Bemidji,47.47,-94.88,56.79,47,40,11.41,US,1600282467
389,Harbour Breton,47.48,-55.8,60.01,100,0,3.0,CA,1600282468
390,Port Pirie,-33.18,138.02,63.95,39,100,6.49,AU,1600282470
391,Vaitape,-16.52,-151.75,79.2,78,0,17.2,PF,1600282471
392,Jiquipilas,16.67,-93.65,80.6,74,90,4.7,MX,1600282473
393,Ajdabiya,30.76,20.23,77.09,77,0,14.34,LY,1600282475
394,Tadine,-21.55,167.88,69.58,82,98,19.28,NC,1600282476
395,Abu Samrah,35.3,37.18,75.97,38,0,5.73,SY,1600282477
396,San-Pédro,4.75,-6.64,75.16,88,100,10.98,CI,1600282479
397,Imbituba,-28.24,-48.67,71.6,68,75,9.17,BR,1600282480
398,Staryy Nadym,65.61,72.68,51.01,80,100,11.5,RU,1600282481
399,Lebyazh'ye,55.27,66.49,47.52,91,96,6.33,RU,1600282482
400,Madimba,-10.4,40.33,73.4,88,20,8.9,TZ,1600282484
401,Villa Corzo,16.17,-93.25,80.6,74,90,4.7,MX,1600282485
402,Berlevåg,70.86,29.09,44.6,93,75,2.24,NO,1600282486
403,Fuerte Olimpo,-21.04,-57.87,103.03,14,0,9.08,PY,1600282488
404,Araouane,18.9,-3.53,105.1,10,12,10.0,ML,1600282489
405,Okakarara,-20.58,17.43,63.9,21,0,4.88,NA,1600282490
406,Behbahān,30.6,50.24,86.0,35,0,4.85,IR,1600282493
407,Moose Factory,51.26,-80.61,44.6,87,90,18.34,CA,1600282494
408,Hofn,64.25,-15.21,50.0,87,90,18.34,IS,1600282495
409,Fallon,39.47,-118.78,79.38,16,75,3.36,US,1600282497
410,Ojinaga,29.57,-104.42,82.22,45,1,4.65,MX,1600282498
411,Iquique,-20.22,-70.14,64.4,59,20,13.87,CL,1600282299
412,Adrar,20.5,-10.07,103.77,10,0,8.46,MR,1600282500
413,Mahanoro,-19.9,48.8,65.62,80,0,6.26,MG,1600282502
414,Ati,13.22,18.34,89.02,49,0,5.08,TD,1600282503
415,Tamandaré,-8.76,-35.1,77.04,74,13,13.29,BR,1600282504
416,Gemena,3.25,19.77,73.47,91,0,2.8,CD,1600282506
417,Rosarito,32.33,-117.03,84.81,19,5,12.5,MX,1600282507
418,Dezhou,37.45,116.29,59.47,48,100,4.47,CN,1600282508
419,Murchison,-41.8,172.33,48.7,85,100,3.22,NZ,1600282511
420,Neiafu,-18.65,-173.98,73.4,73,40,11.41,TO,1600282512
421,Kalmunai,7.42,81.82,81.27,73,100,7.0,LK,1600282513
422,Kashgar,39.45,75.98,71.6,35,0,6.71,CN,1600282514
423,Kamaishi,39.27,141.88,67.84,81,100,2.19,JP,1600282516
424,Gamba,-2.65,10.0,75.2,87,100,9.86,GA,1600282517
425,Khani,41.96,42.96,71.6,94,40,3.36,GE,1600282518
426,Almaty,43.25,76.95,60.8,51,0,6.71,KZ,1600282389
427,Kumul,42.8,93.45,64.15,29,0,3.58,CN,1600282521
428,Ambon City,-3.7,128.18,78.06,83,73,6.44,ID,1600282522
429,Abalak,58.13,68.59,47.98,92,100,8.14,RU,1600282523
430,Visnes,59.36,5.22,55.42,62,0,19.46,NO,1600282525
431,Bunia,1.57,30.25,65.39,81,36,1.86,CD,1600282504
432,Zhigansk,66.77,123.37,40.98,81,0,6.13,RU,1600282527
433,Kampot,10.62,104.18,82.4,83,40,19.46,KH,1600282530
434,Bowmore,34.94,-79.3,78.64,65,90,12.75,US,1600282531
435,La Quinta,33.66,-116.31,105.66,10,0,4.0,US,1600282532
436,Quatre Cocos,-20.21,57.76,68.54,77,75,6.93,MU,1600282504
437,Baculin,7.45,126.58,76.86,81,99,6.22,PH,1600282536
438,North Bend,43.41,-124.22,72.57,83,90,13.87,US,1600282537
439,Sydney,-33.87,151.21,59.0,72,0,3.36,AU,1600282444
440,Deniliquin,-35.53,144.97,54.0,78,91,1.01,AU,1600282540
441,Praia,14.92,-23.51,84.2,74,40,12.75,CV,1600282541
442,Bjerkvik,68.56,17.52,40.3,81,75,14.99,NO,1600282542
443,Dicabisagan,17.08,122.42,78.49,85,100,1.45,PH,1600282544
444,Grindavik,63.84,-22.43,50.0,100,90,33.33,IS,1600282545
445,Batatais,-20.89,-47.59,93.2,16,0,8.05,BR,1600282546
446,Mount Gambier,-37.83,140.77,51.8,93,75,6.93,AU,1600282548
447,Sandwick,60.0,-1.25,48.2,76,20,5.82,GB,1600282549
448,Kabinda,-6.13,24.48,75.92,69,37,4.68,CD,1600282550
449,Shingū,33.73,135.98,72.05,89,100,2.24,JP,1600282552
450,Steamboat Springs,40.48,-106.83,71.85,16,1,3.36,US,1600282327
451,Naples,40.83,14.25,78.4,44,100,2.24,IT,1600282429
452,Esqueda,30.72,-109.58,87.06,20,0,8.79,MX,1600282555
453,Pottsville,40.69,-76.2,68.67,70,0,3.0,US,1600282557
454,Balabac,7.99,117.06,81.48,81,100,20.74,PH,1600282558
455,Ishigaki,24.34,124.16,84.15,81,46,12.28,JP,1600282559
456,Tabuk,17.42,121.44,74.28,88,83,3.53,PH,1600282561
457,Tongren,27.72,109.19,65.05,90,100,5.28,CN,1600282562
458,Mendoza,-32.89,-68.83,71.6,23,0,6.93,AR,1600282563
459,Sirte,31.21,16.59,78.66,69,0,14.47,LY,1600282565
460,Badajoz,38.67,-6.17,79.0,48,100,3.0,ES,1600282566
461,San Cristobal,7.77,-72.22,75.2,73,40,11.41,VE,1600282567
462,Simao,22.79,100.97,65.28,95,100,1.68,CN,1600282569
463,Karasjok,69.47,25.51,44.6,93,75,19.46,NO,1600282570
464,Jumla,29.27,82.18,59.0,70,36,0.56,NP,1600282571
465,La Santisima Trinidad,-14.83,-64.9,91.4,55,3,5.82,BO,1600282335
466,Massakory,13.0,15.73,87.8,50,0,6.49,TD,1600282574
467,Porosozero,62.72,32.73,46.04,94,100,14.65,RU,1600282575
468,Varhaug,58.61,5.65,50.0,80,0,1.01,NO,1600282578
469,Egvekinot,66.32,-179.17,40.64,86,100,13.73,RU,1600282579
470,Kapuskasing,49.42,-82.43,50.0,87,90,18.34,CA,1600282549
471,Angoche,-16.23,39.91,75.18,79,0,12.03,MZ,1600282581
472,Palmerston,-12.49,130.98,76.78,83,100,6.93,AU,1600282583
473,Lorengau,-2.02,147.27,82.02,81,100,12.28,PG,1600282584
474,Āreka,7.07,37.7,62.24,85,98,1.77,ET,1600282585
475,Pimampiro,0.4,-77.97,65.43,48,75,11.41,EC,1600282587
476,Boende,-0.22,20.87,77.94,75,38,1.63,CD,1600282588
477,Chivilcoy,-34.9,-60.02,69.01,36,100,4.0,AR,1600282589
478,Paraopeba,-19.28,-44.4,82.9,32,40,8.05,BR,1600282591
479,Fukuechō,32.69,128.84,76.69,86,87,9.26,JP,1600282592
480,Guía de Isora,28.21,-16.78,79.75,27,20,16.11,ES,1600282593
481,Kungurtug,50.6,97.52,39.63,70,100,1.45,RU,1600282596
482,Colombia,20.99,-77.43,91.4,49,20,8.05,CU,1600282597
483,Khāsh,28.22,61.22,64.18,25,0,8.23,IR,1600282598
484,Miandrivazo,-19.52,45.47,79.32,57,73,6.46,MG,1600282599
485,Mahon,39.89,4.27,75.2,78,0,4.7,ES,1600282601
486,Kualakapuas,-3.01,114.39,75.2,100,90,2.24,ID,1600282603
487,Caucayá,-0.19,-74.78,84.78,69,92,4.59,CO,1600282605
488,Hirara,24.8,125.28,83.53,83,32,14.18,JP,1600282606
489,Verāval,20.9,70.37,81.34,80,100,9.15,IN,1600282607
490,Itoman,26.12,127.67,81.66,83,40,5.82,JP,1600282609
491,Jiménez,28.33,-105.4,75.2,60,75,3.36,MX,1600282610
492,Nuuk,64.18,-51.72,39.2,93,75,1.12,GL,1600282611
493,Port Macquarie,-31.43,152.92,52.32,100,40,5.53,AU,1600282612
494,Port Hawkesbury,45.62,-61.35,61.05,59,1,16.11,CA,1600282614
495,Redmond,47.67,-122.12,62.76,94,0,3.87,US,1600282615
496,George,-33.96,22.46,53.6,93,75,11.41,ZA,1600282616
497,Pinotepa Nacional,16.32,-98.02,84.49,71,98,3.49,MX,1600282618
498,Paarl,-33.73,18.98,55.13,87,75,6.93,ZA,1600282619
499,Xining,36.62,101.77,43.0,76,100,2.84,CN,1600282620
500,Barcelos,41.54,-8.62,68.14,88,20,6.93,PT,1600282622
501,Ubari,26.59,12.78,82.81,30,0,8.7,LY,1600282623
502,Sisimiut,66.94,-53.67,37.8,92,100,17.22,GL,1600282626
503,Kavieng,-2.57,150.8,81.61,83,38,15.48,PG,1600282627
504,Bandundu Province,-3.32,17.37,81.5,67,98,4.52,CD,1600282628
505,Ampanihy,-24.7,44.75,70.07,67,0,9.91,MG,1600282629
506,Te Anau,-45.42,167.72,47.55,86,100,8.99,NZ,1600282631
507,Udachny,66.42,112.4,48.2,70,88,2.24,RU,1600282632
508,Birao,10.28,22.79,73.26,90,100,9.19,CF,1600282633
509,Batagay,67.63,134.63,37.11,86,56,1.48,RU,1600282635
510,Hibbing,47.43,-92.94,59.9,51,40,16.11,US,1600282636
511,Marsá Maţrūḩ,31.35,27.25,77.14,81,0,6.51,EG,1600282637
512,Bud,39.45,-86.18,76.46,36,1,4.03,US,1600282639
513,Gazojak,41.19,61.4,67.48,29,0,10.18,TM,1600282640
514,Semey,50.41,80.23,61.0,33,100,5.95,KZ,1600282641
515,Teya,60.38,92.63,47.89,81,100,4.45,RU,1600282642
516,West Lorne,42.6,-81.6,72.32,58,0,3.0,CA,1600282644
517,Dawson Creek,55.77,-120.24,53.6,71,1,2.24,CA,1600282645
518,Düzce,40.84,31.16,68.02,74,0,1.48,TR,1600282646
519,Collie,-33.37,116.15,49.17,58,9,9.26,AU,1600282648
520,Wanning,18.8,110.4,78.62,89,22,6.58,CN,1600282649
521,Iquitos,-3.75,-73.25,84.2,74,40,6.93,PE,1600282650
522,Havøysund,71.0,24.66,43.72,87,75,10.29,NO,1600282652
523,Olafsvik,64.89,-23.71,50.05,86,12,24.92,IS,1600282653
524,Ketchikan,55.34,-131.65,58.3,77,20,5.82,US,1600282654
525,Deputatsky,69.3,139.9,32.92,95,89,2.28,RU,1600282656
526,Nandu,22.85,110.82,77.23,90,92,2.3,CN,1600282657
527,Lithakia,37.72,20.83,80.6,51,75,2.51,GR,1600282658
528,Baykit,61.67,96.37,48.04,86,0,3.53,RU,1600282660
529,Charters Towers,-20.1,146.27,60.49,95,18,8.08,AU,1600282661
530,Krasnoarmeyskoye,52.72,50.03,46.9,79,11,14.76,RU,1600282662
531,Washington,47.5,-120.5,69.28,59,90,4.0,US,1600282663
532,Avon Lake,41.51,-82.03,72.09,53,40,5.82,US,1600282405
533,Katherine,-14.47,132.27,77.0,53,7,2.24,AU,1600282666
534,Noumea,-22.28,166.46,66.2,88,90,5.82,NC,1600282667
535,Khowst,33.38,69.88,75.4,41,0,1.99,AF,1600282669
536,Bandarbeyla,9.49,50.81,76.93,82,65,20.11,SO,1600282670
537,Xushan,30.18,121.25,76.44,100,75,2.24,CN,1600282671
538,Cheney,47.49,-117.58,68.67,55,90,10.29,US,1600282606
539,San Juan,-31.54,-68.54,73.69,21,0,11.25,AR,1600282674
540,Durgapur,23.48,87.32,81.28,85,100,8.95,IN,1600282613
541,Stornoway,58.21,-6.39,57.11,82,75,9.17,GB,1600282676
542,Nyrob,60.73,56.72,46.63,93,100,12.8,RU,1600282678
543,Burgos,42.34,-3.71,73.09,46,100,5.82,ES,1600282679
544,Harper,4.38,-7.72,75.87,87,92,12.95,LR,1600282680
545,Gambēla,8.25,34.58,74.59,75,100,4.41,ET,1600282681
546,Pimentel,-6.84,-79.93,71.6,60,13,17.22,PE,1600282683
547,Pingzhuang,42.04,119.29,52.16,59,2,15.7,CN,1600282684
548,Esso,55.93,158.7,45.05,82,100,2.68,RU,1600282685
549,Lázaro Cárdenas,17.96,-102.2,84.34,71,52,6.4,MX,1600282687
550,Toora-Khem,52.47,96.11,41.63,74,100,2.01,RU,1600282688
551,Anchorage,61.22,-149.9,49.01,81,40,4.7,US,1600282591
552,Pishin,30.58,67.0,67.87,21,0,3.76,PK,1600282690
553,Krasnoarmiys'k,48.28,37.18,61.61,56,0,7.34,UA,1600282692
554,Pontes e Lacerda,-15.23,-59.34,107.1,11,0,6.58,BR,1600282694
555,Sena Madureira,-9.07,-68.66,102.85,26,53,1.86,BR,1600282696
556,Urengoy,65.97,78.37,51.76,81,100,12.03,RU,1600282697
557,Cedar City,37.68,-113.06,80.6,10,1,5.82,US,1600282698
558,Vieste,41.88,16.18,75.72,44,75,5.82,IT,1600282699
559,Pisco,-13.7,-76.22,66.54,77,20,10.29,PE,1600282701
560,Jacareacanga,-6.22,-57.75,95.0,47,43,4.7,BR,1600282702
561,Troitsko-Pechorsk,62.71,56.2,46.54,78,100,11.56,RU,1600282705
562,Coyhaique,-45.58,-72.07,37.4,93,90,8.05,CL,1600282459
563,Belaya Gora,68.53,146.42,39.74,76,98,0.56,RU,1600282707
564,Labuhan,-6.88,112.21,76.96,77,0,7.78,ID,1600282708
565,Kirkwall,58.98,-2.96,46.4,81,0,5.82,GB,1600282711
566,Rohnert Park,38.34,-122.7,74.26,69,1,8.05,US,1600282508
567,Gladstone,-23.85,151.25,60.8,87,40,3.36,AU,1600282713
568,Petropavlovsk-Kamchatskiy,53.05,158.65,46.4,81,29,6.71,RU,1600282715
569,Ayní,39.39,68.54,60.28,33,0,6.35,TJ,1600282716
570,Vicuña,-30.03,-70.71,59.0,62,0,12.75,CL,1600282717
571,Sarany,58.5,58.88,48.02,93,100,9.98,RU,1600282719
572,Salinas,36.68,-121.66,69.62,68,1,4.7,US,1600282658
573,Acaraú,-2.89,-40.12,83.84,62,10,20.87,BR,1600282721
574,Porto de Mós,39.6,-8.82,71.87,73,20,6.93,PT,1600282722
575,Morondava,-20.28,44.28,76.86,79,43,10.29,MG,1600282724
